2.6	-311	211
1.9	-313	211
6.6	-311	213
4.1	-313	213
4.5	-20313	211
7.6	-311	20213
0.73	-311	321
0.47	-313	321
0.47	-311	323
2.6	-313	323
0.1	111	211
0.6	111	213
0.66	221	211
0.5	221	213
0.3	331	211
0.3	331	213
0.06	113	211
0.06	113	213
0.1	223	211
0.1	223	213
0.6	333	211
0.5	333	213
1.2	-311	211	111
0.57	-313	211	113
0.67	-321	211	211
0.80	-321	213	211
0.22	211	211	-211
2.7	-311	321	-311
0.4	-321	321	211
1.9	333	211	111
1.2	-311	211	211	-211
0.2	-313	211	211	-211
0.9	-321	211	211	111
2.1	211	211	-211	111
0.1	-321	211	211	211	-211
2.2	-321	211	211	111	111
8.7	-311	211	211	-211	111
0.001	-311	113	211	211	-211
0.0019	-321	113	211	211	111
0.0015	211	211	211	-211	-211
0.0028	113	211	211	-211	111
