1	Deuteron	1000010020	3	-1	1.8756130	0	2	1	0	0	0	0	0

1	Triton	1000010030	2	1	2.8089210	0	3	1	0	0	0	0	0

1	HE3	1000020030	2	1	2.8083910	0	3	2	0	0	0	0	0

1	Alpha	1000020040	1	-1	3.7273790	0	4	2	0	0	0	0	0

1	LambdaNeutron	1010000020	3	-1	2.0570000	-1	2	0	0	0	1	0	0

1	LambdaProton	1010010020	3	-1	2.2550000	-1	2	1	0	0	1	0	0

1	DiLambda	1020000020	1	-1	2.2310000	-2	2	0	0	0	2	0	0

1	HyperTriton	1010010030	2	1	2.9911400	-1	3	1	0	0	1	0	0

1	HyperHydrogen	1010010040	1	-1	3.9225000	-1	4	1	0	0	1	0	0

1	HyperHelium	1010020040	1	-1	3.9211900	-1	4	2	0	0	1	0	0

1	HyperHelium5	1010020050	2	1	4.8399000	-1	5	2	0	0	1	0	0

1	pi+	211	1	-1	0.13957	0	0	1	0	0	0	0	0

1	pi0	111	1	-1	0.13498	0	0	0	0	0	0	0	0

0	eta	221	1	-1	0.54730	0	0	0	0	0	1.33333	0.00118	0.40494	(3pi0)

0	f0(600)	9000221	0	-1	0.48400	0	0	0	0	0	0	0.51000	0.26996	(2pi0)

0	rho+	213	3	-1	0.77110	0	0	1	0	0	0	0.14920	0.27455	(pi+pi0)

0	rho0	113	3	-1	0.77110	0	0	0	0	0	0	0.14920	0.27914	(pi+pi-)

0	omega(782)	223	3	-1	0.78257	0	0	0	0	0	0	0.00844	0.41412	(pi+pi-pi0)

0	eta'(958)	331	1	-1	0.95778	0	0	0	0	0	0.66667	0.00020	0.82644	(pi+pi-eta)

0	f0(980)	9010221	1	-1	0.98000	0	0	0	0	0	0	0.07000	0.26996	(2pi0)

0	a0(980)+	9000211	1	-1	0.98470	0	0	1	0	0	0	0.07500	0.68687	(pi+eta)	

0	a0(980)0	9000111	1	-1	0.98470	0	0	0	0	0	0	0.07500	0.68228	(pi0eta)

0	phi(1020)	333	3	-1	1.01946	0	0	0	0	0	2	0.00426	0.98735	(K+K-)

0	h1(1170)	10223	3	-1	1.17000	0	0	0	0	0	0	0.36000	0.90608	(K+K-)

0	b1(1235)+	10213	3	-1	1.22950	0	0	1	0	0	0	0.14200	0.92214	(wpi+)

0	b1(1235)0	10113	3	-1	1.22950	0	0	0	0	0	0	0.14200	0.91755	(wpi0)

0	a1(1260)+	20213	3	-1	1.23000	0	0	1	0	0	0	0.42500	0.90608	(rho+pi0)

0	a1(1260)0	20113	3	-1	1.23000	0	0	0	0	0	0	0.42500	0.91067	(rho+pi-)

0	f2(1270)	225	5	-1	1.2754	0	0	0	0	0	0	0.18510	0.26996	(2pi0)

0	f1(1285)	20223	3	-1	1.2819	0	0	0	0	0	0	0.02400	0.54910	(2pi0pi+pi-)

0	eta(1295)	100221	1	-1	1.2930	0	0	0	0	0	0	0.05500	0.82644	(etapi+pi-)	

0	pi(1300)+	100211	1	-1	1.3000	0	0	1	0	0	0	0.40000	0.90608	(rho+pi0)

0	pi(1300)0	100111	1	-1	1.3000	0	0	0	0	0	0	0.40000	0.91067	(rho+pi-)

0	a2(1320)+	215	5	-1	1.3180	0	0	1	0	0	0	0.10700	0.68687	(etapi+)	

0	a2(1320)0	115	5	-1	1.3180	0	0	0	0	0	0	0.10700	0.68228	(etapi0)

0	f0(1370)	10221	1	-1	1.3500	0	0	0	0	0	0	0.35000	0.26996	(2pi0)

0	f1(1420)	20333	3	-1	1.4263	0	0	0	0	0	0	0.05550	1.12234	(K+K-pi0)

0	omega(1420)	100223	3	-1	1.4190	0	0	0	0	0	0	0.17400	0.90608	(rho0pi0)

0	eta(1440)	100331	1	-1	1.4350	0	0	0	0	0	0	0.06500	0.81726	(etapi0pi0)

0	a0(1450)+	10211	1	-1	1.4740	0	0	1	0	0	0	0.26500	0.68687	(etapi+)

0	a0(1450)0	10111	1	-1	1.4740	0	0	0	0	0	0	0.26500	0.68228	(pi0eta)

0	rho(1450)+	100213	3	-1	1.4650	0	0	1	0	0	0	0.31000	0.27455	(pi+pi0)

0	rho(1450)0	100113	3	-1	1.4650	0	0	0	0	0	0	0.31000	0.27914	(pi+pi-)

0	f0(1500)	9020221	1	-1	1.5070	0	0	0	0	0	0	0.10900	0.26996	(2pi0)

0	f2'(1525)	335	5	-1	1.5250	0	0	0	0	0	0	0.07600	0.98735	(K+K-)

0	omega(1650)	30223	3	-1	1.6490	0	0	0	0	0	0	0.22000	0.90608	(rho0pi0)

0	omega3(1670)	227	7	-1	1.6670	0	0	0	0	0	0	0.16800	0.90608	(rho0pi0)

0	pi2(1670)+	10215	5	-1	1.6700	0	0	1	0	0	0	0.25900	0.40953	(pi+pi0pi0)

0	pi2(1670)0	10115	5	-1	1.6700	0	0	0	0	0	0	0.25900	0.41412	(pi+pi-pi0)

0	phi(1680)	100333	3	-1	1.6800	0	0	0	0	0	0	0.15000	0.98735	(K+K-)

0	rho3(1690)+	217	7	-1	1.6910	0	0	1	0	0	0	0.16100	0.27455	(pi+pi0)

0	rho3(1690)0	117	7	-1	1.6910	0	0	0	0	0	0	0.16100	0.27914	(pi+pi-)

0	rho(1700)+	30213	3	-1	1.7000	0	0	1	0	0	0	0.24000	0.27455	(pi+pi0)

0	rho(1700)0	30113	3	-1	1.7000	0	0	0	0	0	0	0.24000	0.27914	(pi+pi-)

0	f0(1710)	10331	1	-1	1.7130	0	0	0	0	0	0	0.12500	0.26996	(2pi0)

0	pi(1800)+	200211	1	-1	1.8010	0	0	1	0	0	0	0.21000	0.41871	(pi+pi-pi+)

0	pi(1800)0	200111	1	-1	1.8010	0	0	0	0	0	0	0.21000	0.41412	(pi+pi-pi0)

0	phi3(1850)	337	7	-1	1.8540	0	0	0	0	0	0	0.08700	0.98735	(K+K-)

0	f2(2010)	100335	5	-1	2.0110	0	0	0	0	0	0	0.20200	1.9747	(2K+K-)	

0	a4(2040)+	219	9	-1	2.0110	0	0	1	0	0	0	0.36000	0.99135	(K+K0-bar)???

0	a4(2040)0	119	9	-1	2.0110	0	0	0	0	0	0	0.36000	0.41412	(pi+pi-pi0)

0	f4(2050)	229	9	-1	2.0250	0	0	0	0	0	0	0.19400	0.26996	(2pi0)

0	f2(2300)	9060225	5	-1	2.2970	0	0	0	0	0	0	0.14900	1.9747	(2K+K-)

0	f2(2340)	9070225	5	-1	2.3390	0	0	0	0	0	0	0.31900	1.9747	(2K+K-)

1	K+	321	1	-1	0.49368	1	0	1	0	0	1	0.00000	0.0000

0	K0	311	1	-1	0.49767	1	0	0	0	0	1	0.00000	0.0000

1	K0L	130	0	-1	0.49767	0	0	0	0	0	0	0.00000	0.0000

1	K0S	310	0	-1	0.49767	0	0	0	0	0	0	0.00000	0.0000

0	K_(892)+	323	3	-1	0.89166	1	0	1	0	0	1	0.05080	0.62866	(K+pi0)

0	K_(892)0	313	3	-1	0.89610	1	0	0	0	0	1	0.05070	0.63265	(K0pi0)

0	K1(1270)+	10323	3	-1	1.27300	1	0	1	0	0	1	0.09000	0.76364	(K_(892)+pi0)

0	K1(1270)0	10313	3	-1	1.27300	1	0	0	0	0	1	0.09000	0.76763	(K_(892)0pi0)

0	K1(1400)+	20323	3	-1	1.40200	1	0	1	0	0	1	0.17400	0.76364	(K_(892)+pi0)

0	K1(1400)0	20313	3	-1	1.40200	1	0	0	0	0	1	0.17400	0.76763	(K_(892)0pi0)

0	K_(1410)+	100323	3	-1	1.41400	1	0	1	0	0	1	0.23200	0.62866	(K+pi0)

0	K_(1410)0	100313	3	-1	1.41400	1	0	0	0	0	1	0.23200	0.63265	(K0pi0)

0	K0_(1430)+	10321	1	-1	1.41200	1	0	1	0	0	1	0.29400	0.62866	(K+pi0)

0	K0_(1430)0	10311	1	-1	1.41200	1	0	0	0	0	1	0.29400	0.63265	(K0pi0)

0	K2_(1430)+	325	5	-1	1.42560	1	0	1	0	0	1	0.09850	0.62866	(K+pi0)

0	K2_(1430)0	315	5	-1	1.43240	1	0	0	0	0	1	0.10900	0.63265	(K0pi0)

0	K_(1680)+	30323	3	-1	1.71700	1	0	1	0	0	1	0.32200	0.62866	(K+pi0)

0	K_(1680)0	30313	3	-1	1.71700	1	0	0	0	0	1	0.32200	0.63265	(K0pi0)

0	K2(1770)+	10325	5	-1	1.77300	1	0	1	0	0	1	0.18600	0.76364	(K_(892)+pi0)

0	K2(1770)0	10315	5	-1	1.77300	1	0	0	0	0	1	0.18600		0.76763	(K_(892)0pi0)

0	K3_(1780)+	327	7	-1	1.77600	1	0	1	0	0	1	0.15900	0.62866	(K+pi0)

0	K3_(1780)0	317	7	-1	1.77600	1	0	0	0	0	1	0.15900	0.63265	(K0pi0)

0	K2(1820)+	20325	5	-1	1.81600	1	0	1	0	0	1	0.27600	0.76364	(K_(892)+pi0)

0	K2(1820)0	20315	5	-1	1.81600	1	0	0	0	0	1	0.27600	0.76763	(K_(892)0pi0)

0	K4_(2045)+	329	9	-1	2.04500	1	0	1	0	0	1	0.19800	0.62866	(K+pi0)

0	K4_(2045)0	319	9	-1	2.04500	1	0	0	0	0	1	0.19800	0.63265	(K0pi0)

1	p	2212	2	+1	0.93827	0	1	1	0	0	0	0.00000	0.00000

1	n	2112	2	+1	0.93956	0	1	0	0	0	0	0.00000	0.00000

0	N(1440)+	12212	2	+1	1.44000	0	1	1	0	0	0	0.35000	1.07325	(ppi0)

0	N(1440)0	12112	2	+1	1.44000	0	1	0	0	0	0	0.35000	1.07454	(npi0)

0	N(1520)+	2124	4	+1	1.52000	0	1	1	0	0	0	0.12000	1.07325	(ppi0)

0	N(1520)0	1214	4	+1	1.52000	0	1	0	0	0	0	0.12000	1.07454	(npi0)

0	N(1535)+	22212	2	+1	1.53500	0	1	1	0	0	0	0.15000	1.07325	(ppi0)

0	N(1535)0	22112	2	+1	1.53500	0	1	0	0	0	0	0.15000	1.07454	(npi0)

0	N(1650)+	32212	2	+1	1.65000	0	1	1	0	0	0	0.15000	1.07325	(ppi0)	

0	N(1650)0	32112	2	+1	1.65000	0	1	0	0	0	0	0.15000	1.07454	(npi0)

0	N(1675)+	2216	6	+1	1.67500	0	1	1	0	0	0	0.15000	1.07325	(ppi0)

0	N(1675)0	2116	6	+1	1.67500	0	1	0	0	0	0	0.15000	1.07454	(npi0)

0	N(1680)+	12216	6	+1	1.68000	0	1	1	0	0	0	0.13000	1.07325	(ppi0)

0	N(1680)0	12116	6	+1	1.68000	0	1	0	0	0	0	0.13000	1.07454	(npi0)	

0	N(1700)+	22124	4	+1	1.70000	0	1	1	0	0	0	0.10000	1.07325	(ppi0)

0	N(1700)0	21214	4	+1	1.70000	0	1	0	0	0	0	0.10000	1.07454	(npi0)

0	N(1710)+	42212	2	+1	1.71000	0	1	1	0	0	0	0.10000	1.07325	(ppi0)

0	N(1710)0	42112	2	+1	1.71000	0	1	0	0	0	0	0.10000	1.07454	(npi0)

0	N(1720)+	32124	4	+1	1.72000	0	1	1	0	0	0	0.15000	1.07325	(ppi0)

0	N(1720)0	31214	4	+1	1.72000	0	1	0	0	0	0	0.15000	1.07454	(npi0)

0	N(2190)+	2128	8	+1	2.19000	0	1	1	0	0	0	0.45000	1.07325	(ppi0)

0	N(2190)0	1218	8	+1	2.19000	0	1	0	0	0	0	0.45000	1.07454	(npi0)

0	N(2220)+	91	10	+1	2.22000	0	1	1	0	0	0	0.40000	1.07325	(ppi0)

0	N(2220)0	92	10	+1	2.22000	0	1	0	0	0	0	0.40000	1.07454	(npi0)

0	N(2250)+	93	10	+1	2.25000	0	1	1	0	0	0	0.40000	1.07325	(ppi0)

0	N(2250)0	94	10	+1	2.25000	0	1	0	0	0	0	0.40000	1.07454	(npi0)

0	N(2600)+	95	12	+1	2.60000	0	1	1	0	0	0	0.65000	1.07325	(ppi0)

0	N(2600)0	96	12	+1	2.60000	0	1	0	0	0	0	0.65000	1.07454	(npi0)

0	Delta(1232)++	2224	4	+1	1.23200	0	1	2	0	0	0	0.12000	1.07784	(ppi+)

0	Delta(1232)+	2214	4	+1	1.23200	0	1	1	0	0	0	0.12000	1.07325	(ppi0)

0	Delta(1232)0	2114	4	+1	1.23200	0	1	0	0	0	0	0.12000	1.07454	(npi0)

0	Delta(1232)-	1114	4	+1	1.23200	0	1	-1	0	0	0	0.12000	1.07913	(npi-)

0	Delta(1600)++	32224	4	+1	1.60000	0	1	2	0	0	0	0.35000	1.07784	(ppi+)

0	Delta(1600)+	32214	4	+1	1.60000	0	1	1	0	0	0	0.35000	1.07325	(ppi0)

0	Delta(1600)0	32114	4	+1	1.60000	0	1	0	0	0	0	0.35000	1.07454	(npi0)

0	Delta(1600)-	31114	4	+1	1.60000	0	1	-1	0	0	0	0.35000	1.07913	(npi-)

0	Delta(1620)++	2222	2	+1	1.62000	0	1	2	0	0	0	0.15000	1.07784	(ppi+)

0	Delta(1620)+	2122	2	+1	1.62000	0	1	1	0	0	0	0.15000	1.07325	(ppi0)

0	Delta(1620)0	1212	2	+1	1.62000	0	1	0	0	0	0	0.15000	1.07454	(npi0)

0	Delta(1620)-	1112	2	+1	1.62000	0	1	-1	0	0	0	0.15000	1.07913	(npi-)

0	Delta(1700)++	12224	4	+1	1.70000	0	1	2	0	0	0	0.30000	1.07784	(ppi+)

0	Delta(1700)+	12214	4	+1	1.70000	0	1	1	0	0	0	0.30000	1.07325	(ppi0)

0	Delta(1700)0	12114	4	+1	1.70000	0	1	0	0	0	0	0.30000	1.07454	(npi0)

0	Delta(1700)-	11114	4	+1	1.70000	0	1	-1	0	0	0	0.30000	1.07913	(npi-)

0	Delta(1905)++	2226	6	+1	1.90500	0	1	2	0	0	0	0.35000	1.07784	(ppi+)

0	Delta(1905)+	2126	6	+1	1.90500	0	1	1	0	0	0	0.35000	1.07325	(ppi0)

0	Delta(1905)0	1216	6	+1	1.90500	0	1	0	0	0	0	0.35000	1.07454	(npi0)

0	Delta(1905)-	1116	6	+1	1.90500	0	1	-1	0	0	0	0.35000	1.07913	(npi-)

0	Delta(1910)++	22222	2	+1	1.91000	0	1	2	0	0	0	0.25000	1.07784	(ppi+)

0	Delta(1910)+	22122	2	+1	1.91000	0	1	1	0	0	0	0.25000	1.07325	(ppi0)

0	Delta(1910)0	21212	2	+1	1.91000	0	1	0	0	0	0	0.25000	1.07454	(npi0)

0	Delta(1910)-	21112	2	+1	1.91000	0	1	-1	0	0	0	0.25000	1.07913	(npi-)

0	Delta(1920)++	22224	4	+1	1.92000	0	1	2	0	0	0	0.20000	1.07784	(ppi+)

0	Delta(1920)+	22214	4	+1	1.92000	0	1	1	0	0	0	0.20000	1.07325	(ppi0)

0	Delta(1920)0	22114	4	+1	1.92000	0	1	0	0	0	0	0.20000	1.07454	(npi0)

0	Delta(1920)-	21114	4	+1	1.92000	0	1	-1	0	0	0	0.20000	1.07913	(npi-)

0	Delta(1930)++	12226	6	+1	1.93000	0	1	2	0	0	0	0.35000	1.07784	(ppi+)

0	Delta(1930)+	12126	6	+1	1.93000	0	1	1	0	0	0	0.35000	1.07325	(ppi0)

0	Delta(1930)0	11216	6	+1	1.93000	0	1	0	0	0	0	0.35000	1.07454	(npi0)

0	Delta(1930)-	11116	6	+1	1.93000	0	1	-1	0	0	0	0.35000	1.07913	(npi-)

0	Delta(1950)++	2228	8	+1	1.95000	0	1	2	0	0	0	0.30000	1.07784	(ppi+)

0	Delta(1950)+	2218	8	+1	1.95000	0	1	1	0	0	0	0.30000	1.07325	(ppi0)

0	Delta(1950)0	2118	8	+1	1.95000	0	1	0	0	0	0	0.30000	1.07454	(npi0)

0	Delta(1950)-	1118	8	+1	1.95000	0	1	-1	0	0	0	0.30000	1.07913	(npi-)

0	Delta(2420)++	97	12	+1	2.42000	0	1	2	0	0	0	0.40000	1.07784	(ppi+)

0	Delta(2420)+	98	12	+1	2.42000	0	1	1	0	0	0	0.40000	1.07325	(ppi0)

0	Delta(2420)0	99	12	+1	2.42000	0	1	0	0	0	0	0.40000	1.07454	(npi0)

0	Delta(2420)-	910	12	+1	2.42000	0	1	-1	0	0	0	0.40000	1.07913	(npi-)

1	Lambda	3122	2	+1	1.11568	-1	1	0	0	0	1	0.00000	0.00000

0	Lambda(1405)	13122	2	+1	1.40600	-1	1	0	0	0	1	0.05000	1.32762	(Sigma0pi0)

0	Lambda(1520)	3124	4	+1	1.51950	-1	1	0	0	0	1	0.01560	1.32762	(Sigma0pi0)

0	Lambda(1600)	23122	2	+1	1.60000	-1	1	0	0	0	1	0.15000	1.32762	(Sigma0pi0)

0	Lambda(1670)	33122	2	+1	1.67000	-1	1	0	0	0	1	0.03500	1.32762	(Sigma0pi0)

0	Lambda(1690)	13124	4	+1	1.69000	-1	1	0	0	0	1	0.06000	1.32762	(Sigma0pi0)

0	Lambda(1800)	43122	2	+1	1.80000	-1	1	0	0	0	1	0.30000	1.32762	(Sigma0pi0)

0	Lambda(1810)	53122	2	+1	1.81000	-1	1	0	0	0	1	0.15000	1.32762	(Sigma0pi0)

0	Lambda(1820)	3126	6	+1	1.82000	-1	1	0	0	0	1	0.08000	1.32762	(Sigma0pi0)

0	Lambda(1830)	13126	6	+1	1.83000	-1	1	0	0	0	1	0.09500	1.32762	(Sigma0pi0)

0	Lambda(1890)	23124	4	+1	1.89000	-1	1	0	0	0	1	0.10000	1.32762	(Sigma0pi0)

0	Lambda(2100)	3128	8	+1	2.10000	-1	1	0	0	0	1	0.20000	1.32762	(Sigma0pi0)

0	Lambda(2110)	23126	6	+1	2.11000	-1	1	0	0	0	1	0.20000	1.32762	(Sigma0pi0)

0	Lambda(2350)	911	10	+1	2.35000	-1	1	0	0	0	1	0.15000	1.32762	(Sigma0pi0)

1	Sigma+	3222	2	+1	1.18937	-1	1	1	0	0	1	0.00000	0.00000

0	Sigma0	3212	2	+1	1.19264	-1	1	0	0	0	1	0.00000	0.00000

1	Sigma-	3112	2	+1	1.19745	-1	1	-1	0	0	1	0.00000	0.00000

0	Sigma(1385)+	3224	4	+1	1.38280	-1	1	1	0	0	1	0.03580	1.25525	(Lambdapi+)

0	Sigma(1385)0	3214	4	+1	1.38370	-1	1	0	0	0	1	0.03600	1.25066	(Lambdapi0)

0	Sigma(1385)-	3114	4	+1	1.38720	-1	1	-1	0	0	1	0.03940	1.25525	(Lambdapi-)

0	Sigma(1660)+	13222	2	+1	1.66000	-1	1	1	0	0	1	0.10000	1.25525	(Lambdapi+)

0	Sigma(1660)0	13212	2	+1	1.66000	-1	1	0	0	0	1	0.10000	1.25066	(Lambdapi0)

0	Sigma(1660)-	13112	2	+1	1.66000	-1	1	-1	0	0	1	0.10000	1.25525	(Lambdapi-)

0	Sigma(1670)+	13224	4	+1	1.67000	-1	1	1	0	0	1	0.06000	1.25525	(Lambdapi+)

0	Sigma(1670)0	13214	4	+1	1.67000	-1	1	0	0	0	1	0.06000	1.25066	(Lambdapi0)

0	Sigma(1670)-	13114	4	+1	1.67000	-1	1	-1	0	0	1	0.06000	1.25525	(Lambdapi-)

0	Sigma(1750)+	23222	2	+1	1.75000	-1	1	1	0	0	1	0.09000	1.25525	(Lambdapi+)

0	Sigma(1750)0	23212	2	+1	1.75000	-1	1	0	0	0	1	0.09000	1.25066	(Lambdapi0)

0	Sigma(1750)-	23112	2	+1	1.75000	-1	1	-1	0	0	1	0.09000	1.25525	(Lambdapi-)

0	Sigma(1775)+	3226	6	+1	1.77500	-1	1	1	0	0	1	0.12000	1.25525	(Lambdapi+)

0	Sigma(1775)0	3216	6	+1	1.77500	-1	1	0	0	0	1	0.12000	1.25066	(Lambdapi0)

0	Sigma(1775)-	3116	6	+1	1.77500	-1	1	-1	0	0	1	0.12000	1.25525	(Lambdapi-)

0	Sigma(1915)+	13226	6	+1	1.91500	-1	1	1	0	0	1	0.12000	1.25525	(Lambdapi+)

0	Sigma(1915)0	13216	6	+1	1.91500	-1	1	0	0	0	1	0.12000	1.25066	(Lambdapi0)

0	Sigma(1915)-	13116	6	+1	1.91500	-1	1	-1	0	0	1	0.12000	1.25525	(Lambdapi-)

0	Sigma(1940)+	23224	4	+1	1.94000	-1	1	1	0	0	1	0.22000	1.25525	(Lambdapi+)

0	Sigma(1940)0	23214	4	+1	1.94000	-1	1	0	0	0	1	0.22000	1.25066	(Lambdapi0)

0	Sigma(1940)-	23114	4	+1	1.94000	-1	1	-1	0	0	1	0.22000	1.25525	(Lambdapi-)

0	Sigma(2030)+	3228	8	+1	2.03000	-1	1	1	0	0	1	0.18000	1.25525	(Lambdapi+)

0	Sigma(2030)0	3218	8	+1	2.03000	-1	1	0	0	0	1	0.18000	1.25066	(Lambdapi0)

0	Sigma(2030)-	3118	8	+1	2.03000	-1	1	-1	0	0	1	0.18000	1.25525	(Lambdapi-)

1	Ksi0	3322	2	+1	1.31483	-2	1	0	0	0	2	0.00000	0.00000

1	Ksi-	3312	2	+1	1.32131	-2	1	-1	0	0	2	0.00000	0.00000

0	Ksi(1530)0	3324	4	+1	1.53180	-2	1	0	0	0	2	0.00910	1.44981	(Ksi0pi0)

0	Ksi(1530)-	3314	4	+1	1.53500	-2	1	-1	0	0	2	0.00990	1.45440	(Ksi0pi-)

0	Ksi(1690)0	23324	4	+1	1.69000	-2	1	0	0	0	2	0.03000	1.44981	(Ksi0pi0)

0	Ksi(1690)-	23314	4	+1	1.69000	-2	1	-1	0	0	2	0.03000	1.45440	(Ksi0pi-)

0	Ksi(1820)0	13324	4	+1	1.82300	-2	1	0	0	0	2	0.02400	1.44981	(Ksi0pi0)

0	Ksi(1820)-	13314	4	+1	1.82300	-2	1	-1	0	0	2	0.02400	1.45440	(Ksi0pi-)

0	Ksi(1950)0	33324	4	+1	1.95000	-2	1	0	0	0	2	0.06000	1.44981	(Ksi0pi0)

0	Ksi(1950)-	33314	4	+1	1.95000	-2	1	-1	0	0	2	0.06000	1.45440	(Ksi0pi-)

0	Ksi(2030)0	43324	6	+1	2.02500	-2	1	0	0	0	2	0.02000	1.44981	(Ksi0pi0)

0	Ksi(2030)-	43314	6	+1	2.02500	-2	1	-1	0	0	2	0.02000	1.45440	(Ksi0pi-)

1	Omega	3334	4	+1	1.67245	-3	1	-1	0	0	3	0.00000	0.00000

1	K0_(800)+	9000321	1	-1	0.67	1	0	1	0	0	1	0.55	0.42	(3pi0)

1	K0_(800)0	9000311	1	-1	0.67	1	0	0	0	0	1	0.55	0.28	(2pi0)

1	h1(1380)	10333	3	-1	1.3860	0	0	0	0	0	0	0.091	1.12234	(K+K-pi0)

1	pi1(1400)+	9000213	3	-1	1.3510	0	0	1	0	0	0	0.31	0.687	(etapio)

1	pi1(1400)0	9000113	3	-1	1.3510	0	0	0	0	0	0	0.31	0.687	(etapi0)

1	f2(1430)	9000225	5	-1	1.453	0	0	0	0	0	0	0.0130	0.988	(K+K-)

1	f1(1510)	9000223	3	-1	1.518	0	0	0	0	0	0	0.073	0.56	(4pi0)

1	pi1(1600)+	9010213	3	-1	1.662	0	0	1	0	0	0	0.23	0.687	(etapi0)

1	pi1(1600)0	9010113	3	-1	1.662	0	0	0	0	0	0	0.23	1.5664	(f1pi)

1	a1(1640)+	9020213	3	-1	1.647	0	0	1	0	0	0	0.254	0.56	(4pi0)

1	a1(1640)0	9020113	3	-1	1.647	0	0	0	0	0	0	0.254	0.56	(4pi0)

1	f2(1640)	9020225	5	-1	1.639	0	0	0	0	0	0	0.099	0.988	(KKbar)

1	eta2(1645)	10225	5	-1	1.617	0	0	0	0	0	0	0.181	0.827	(etapi+pi0)

1	a2(1700)+	9000215	5	-1	1.732	0	0	1	0	0	0	0.19	0.687	(etapi)

1	a2(1700)0	9000115	5	-1	1.732	0	0	0	0	0	0	0.19	0.687	(etapi)

1	eta(1760)	9040221	1	-1	1.756	0	0	0	0	0	0	0.096	1.128	(KKbarpi)

1	f2(1810)	9030225	5	-1	1.815	0	0	0	0	0	0	0.197	0.988	(K+K-)

1	f2(1910)	9040225	5	-1	1.903	0	0	0	0	0	0	0.196	0.988	(K+K-)

1	rho3(1990)+	9000217	7	-1	1.982	0	0	1	0	0	0	0.188	0.827	(etapi+pi-)

1	rho3(1990)0	9000117	7	-1	1.982	0	0	0	0	0	0	0.188	0.56	(4pi)

1	f0(2020)	9050221	1	-1	1.992	0	0	0	0	0	0	0.44	0.988	(K+K-)

1	f2(2340)	9090225	5	-1	2.34	0	0	0	0	0	0	0.32	1.094	(2eta)

1	K2(1580)+	9000325	5	-1	1.4600	1	0	1	0	0	1	0.1100	1.036	(K_(892)pi)

1	K2(1580)0	9000315	5	-1	1.4600	1	0	0	0	0	1	0.1100	1.036	(K_(892)pi)

1	K1(1650)+	9000323	3	-1	1.6500	1	0	1	0	0	1	0.1500	0.988	(Kpi)

1	K1(1650)0	9000313	3	-1	1.6500	1	0	0	0	0	1	0.1500	1.036	(K_(892)pi)

1	K3(2320)+	9010327	7	-1	2.324	1	0	1	0	0	1	0.0	0.0

1	K3(2320)0	9010317	7	-1	2.324	1	0	0	0	0	1	0.0	0.0

1	K4(2500)+	9000329	9	-1	2.49	1	0	1	0	0	1	0.0	0.0

1	K4(2500)0	9000319	9	-1	2.49	1	0	0	0	0	1	0.0	0.0

0	D+	411	1	-1	1.86962	0	0	1	1	0	0	0.0	0.988	(K0barK0)

0	D0	421	1	-1	1.86484	0	0	0	1	0	0	0.0	0.687	(K+pi-)

0	D_(2007)0	423	3	-1	2.00697	0	0	0	1	0	0	0.0021	0.282	(D0pi0)

0	D_(2010)+	413	3	-1	2.01027	0	0	1	1	0	0	0.000096	0.282	(D0pi+)

0	D0_(2400)+	10411	1	-1	2.4000	0	0	1	1	0	0	0.2800	0.282	(D0pi+)

0	D1(2420)0	10423	3	-1	2.4223	0	0	0	1	0	0	0.0204	2.15027	(D_(2010)+pi-)

0	D1(2420)+	10413	3	-1	2.4234	0	0	1	1	0	0	0.0250	2.15027	(D_(2010)+pi-)

0	D1(2430)0	20423	3	-1	2.4300	0	0	0	1	0	0	0.3800	2.1440	(D0pi+pi-)

0	D2_(2460)0	425	5	-1	2.4611	0	0	0	1	0	0	0.00430	2.00962	(D+pi-)

0	D2_(2460)+	415	5	-1	2.4601	0	0	1	1	0	0	0.00370	2.00962	(D+pi-)

0	Ds+	431	1	-1	1.96849	-1	0	1	1	0	1	0.0	0.988	(K0K0bar)

0	Ds_+	433	3	-1	1.96849	-1	0	1	1	0	1	0.0	0.988	(K0K0bar)

0	Ds0_(2317)+	10431	1	-1	2.31780	-1	0	1	1	0	1	0.01	2.263	(Ds_+pi0)

0	Ds1(2460)+	20433	3	-1	2.45960	-1	0	1	1	0	1	0.0063	2.263	(Ds_+pi0)

0	Ds1(2536)+	10433	3	-1	2.53540	-1	0	1	1	0	1	0.0025	2.5027	(D_(2010)+K0)

0	Ds2(2573)+	435	5	-1	2.57260	-1	0	1	1	0	1	0.0200	2.354	(D0K+)

0	Bs0	531	1	-1	5.36630	-1	0	0	1	0	1	0.0	2.001	(Dbar0pi+)

0	Bs_0	533	3	-1	5.36630	-1	0	0	1	0	1	0.0	2.001	(Dbar0pi+)

0	B+	521	1	-1	5.279150	0	0	1	0	1	0	0.0	2.001	(Dbar0pi+)

0	B0	511	1	-1	5.279530	0	0	0	0	1	0	0.0	2.001	(Dbar0pi+)

0	B_+	523	3	-1	5.279530	0	0	1	0	1	0	0.0	5.28053	(Bgamma)

0	B_0	513	3	-1	5.279530	0	0	0	0	1	0	0.0	5.28053	(Bgamma)

0	Bc+	541	1	-1	6.2760	0	0	1	0	1	0	0.0	2.144	(D_(2010)+Dbar0)

1	etac(1S)0	441	1	-1	2.9803	0	0	0	0	0	0	0.0	0.0

1	J/psi(1S)0	443	3	-1	3.096916	0	0	0	0	0	0	0.0	0.0

0	chic0(1P)0	10441	1	-1	3.41475	0	0	0	0	0	0	0.0102	0.56000	(2pi+2pi-)

0	chic1(1P)0	20443	3	-1	3.51066	0	0	0	0	0	0	0.00089	0.84000	(3pi+3pi-)

0	chic2(1P)0	445	5	-1	3.55620	0	0	0	0	0	0	0.00203	0.56000	(2pi+2pi-)

1	etac(2S)0	100441	1	-1	3.6370	0	0	0	0	0	0	0.0	0.0

0	psi(2S)0	100443	3	-1	3.68609	0	0	0	0	0	0	0.000317	0.98	(3(pi+pi-)pi0)

0	chic2(2P)0	100445	5	-1	3.92900	0	0	0	0	0	0	0.02900	0.56000	(2pi+2pi-)

0	psi(4040)0	9000443	3	-1	4.03900	0	0	0	0	0	0	0.08000	3.728	(D0D0bar)

0	psi(4160)0	9010443	3	-1	4.15300	0	0	0	0	0	0	0.10300	3.376	(J/psipi+pi-)

0	psi(4415)0	9020443	3	-1	4.42100	0	0	0	0	0	0	0.06200	3.733	(D0D-pi+)

1	Upsilon(1S)0	553	3	-1	9.46030	0	0	0	0	0	0	0.0	0.0

0	chib0(1P)0	10551	1	-1	9.85940	0	0	0	0	0	0	0.0	0.9560	(gammagamma(1S))

0	chib1(1P)0	20553	3	-1	9.89280	0	0	0	0	0	0	0.0	11.037	(omegagamma(1S))

0	chib2(1P)0	555	5	-1	9.91220	0	0	0	0	0	0	0.0	11.037	(omegagamma(1S))

0	Upsilon(2S)0	100553	3	-1	10.02326	0	0	0	0	0	0	0.000032	0.56	(2pi+2pi-)

0	chib0(2P)0	110551	1	-1	10.23250	0	0	0	0	0	0	0.0	10.242	(gammagamma(2S))

0	chib1(2P)0	120553	3	-1	10.25550	0	0	0	0	0	0	0.0	10.242	(gammagamma(2S))

0	chib2(2P)0	100555	5	-1	10.26860	0	0	0	0	0	0	0.0	10.242	(gammagamma(2S))

0	Upsilon(3S)0	200553	3	-1	10.35520	0	0	0	0	0	0	0.0000203	9.7400	(gamma(2S)pi+pi-)

0	Upsilon(4S)0	300553	3	-1	10.57940	0	0	0	0	0	0	0.00205	9.7400	(gamma(2S)pi+pi-)

1	Upsilon(10860)0	9000553	3	-1	10.86500	0	0	0	0	0	0	0.0	0.0

1	Upsilon(11020)0	9010553	3	-1	11.01900	0	0	0	0	0	0	0.0	0.0

0	Lambdac+	4122	2	1	2.286460	0	1	1	1	0	0	0.008	2.7186	(LambdaK+)

0	Lambdac(2595)+	14122	2	1	2.595400	0	1	1	1	0	0	0.00360	2.5086	(Lambdac+pi+pi-)

0	Sigmac(2455)++	4222	2	1	2.454020	0	1	2	1	0	0	0.00223	2.3686	(Lambdac+pi)

0	Sigmac(2455)+	4212	2	1	2.452920	0	1	1	1	0	0	0.00460	2.3686	(Lambdac+pi)

0	Sigmac(2455)0	4112	2	1	2.452920	0	1	0	1	0	0	0.00360	2.3686	(Lambdac+pi)

0	Sigmac(2520)++	4224	4	1	2.518400	0	1	2	1	0	0	0.14900	2.3686	(Lambdac+pi)

0	Sigmac(2520)+	4214	4	1	2.517500	0	1	1	1	0	0	0.01700	2.3686	(Lambdac+pi)

0	Sigmac(2520)0	4114	4	1	2.518000	0	1	0	1	0	0	0.01610	2.3686	(Lambdac+pi)

1	Xic+	4232	2	1	2.4679	-1	1	1	1	0	1	0.0	0.0

1	Xic0	4132	2	1	2.4710	-1	1	0	1	0	1	0.0	0.0

0	Xic'+	4322	2	1	2.5757	-1	1	1	1	0	1	0.0	2.4679	(Xic+gamma)

0	Xic'0	4312	2	1	2.5780	-1	1	0	1	0	1	0.0	2.4679	(Xic+gamma)

0	Xic(2645)+	4324	4	1	2.6466	-1	1	1	1	0	1	0.00310	2.611	(Xic+pi+)

0	Xic(2645)0	4314	4	1	2.6461	-1	1	0	1	0	1	0.00550	2.611	(Xic0pi-)

1	Omegac0	4332	2	1	2.6975	-2	1	0	1	0	2	0.0	0.0

1	Xicc++	4422	2	1	3.5189	0	1	2	2	0	0	0.0	0.0

1	Xi(cc)+	4412	2	1	3.5189	0	1	1	2	0	0	0.0	0.0

0	Lambdab0	5122	2	1	5.6202	0	1	0	0	-1	0	0.0	2.326	(Lambdac+pi-)

1	Xib-	5232	2	1	5.7924	-1	1	-1	0	-1	1	0.0	0.0

1	Xib0	5132	2	1	5.7924	-1	1	0	0	-1	1	0.0	0.0
