1	pi+		211	1	-1	0.13957	0	0	1	0	0	0

1	pi0		111	1	-1	0.13498	0	0	0	0	0	0

0	eta		221	1	-1	0.54730	0	0	0	1.33333	0.00118	0.40494 (3pi0)

0	f0(600)		9000221	0	-1	0.80000	0	0	0	0	0.80000 0.26996 (2pi0)

0	rho+ 		213	3	-1	0.77110	0	0	1	0	0.14920	0.27455 (pi+pi0)

0	rho0		113	3	-1	0.77110	0	0	0	0	0.14920	0.27914 (pi+pi-)

0	omega(782)	223	3	-1	0.78257	0	0	0	0	0.00844 0.41412 (pi+pi-pi0)

0	eta'(958)	331	1	-1	0.95778	0	0	0	0.66667	0.00020	0.82644 (pi+pi-eta)	

0	f0(980)		9010221	1	-1	0.98000	0	0	0	0	0.07000	0.26996	(2pi0)

0	a0(980)+	9000211	1	-1	0.98470 0	0	1	0	0.07500	0.68687	(pi+eta)	

0	a0(980)0	9000111	1	-1	0.98470	0	0	0	0	0.07500	0.68228 (pi0eta) 

0	phi(1020)	333	3	-1	1.01946	0	0	0	2	0.00426	0.98735	(K+K-)

0	h1(1170)	10223	3	-1	1.17000	0	0	0	0	0.36000	0.90608	()

0	b1(1235)+	10213	3	-1	1.22950	0	0	1	0	0.14200	0.92214 (wpi+)

0	b1(1235)0	10113	3	-1	1.22950 0	0	0	0	0.14200	0.91755 (wpi0)

0	a1(1260)+	20213	3	-1	1.23000	0	0	1	0	0.42500	0.90608 (rho+pi0)

0	a1(1260)0	20113	3	-1	1.23000	0	0	0	0	0.42500	0.91067 (rho+pi-)

0	f2(1270)	225	5	-1	1.2754	0	0	0	0	0.18510	0.26996 (2pi0)

0	f1(1285)	20223	3	-1	1.2819	0	0	0	0	0.02400	0.54910	(2pi0pi+pi-)

0	eta(1295)	100221	1	-1	1.2930	0	0	0	0	0.05500	0.82644	(etapi+pi-)	

0	pi(1300)+	100211	1	-1	1.3000	0	0	1	0	0.40000	0.90608 (rho+pi0)

0	pi(1300)0	100111	1	-1	1.3000	0	0	0	0	0.40000	0.91067 (rho+pi-)

0	a2(1320)+	215	5	-1	1.3180	0	0	1	0	0.10700	0.68687	(etapi+)	

0	a2(1320)0	115	5	-1	1.3180	0	0	0	0	0.10700	0.68228 (etapi0)

0	f0(1370)	10221	1	-1	1.3500	0	0	0	0	0.35000	0.26996 (2pi0)

0	f1(1420)	20333	3	-1	1.4263	0	0	0	0	0.05550	1.12234 (K+K-pi0)

0	omega(1420)	100223	3	-1	1.4190	0	0	0	0	0.17400	0.90608 (rho0pi0)

0	eta(1440)	100331	1	-1	1.4350	0	0	0	0	0.06500 0.81726 (etapi0pi0)

0	a0(1450)+	10211	1	-1	1.4740	0	0	1	0	0.26500	0.68687	(etapi+)

0	a0(1450)0	10111	1	-1	1.4740	0	0	0	0	0.26500	0.68228 (pi0eta)

0	rho(1450)+	100213	3	-1	1.4650	0	0	1	0	0.31000	0.27455 (pi+pi0)

0	rho(1450)0	100113	3	-1	1.4650	0	0	0	0	0.31000	0.27914 (pi+pi-)

0	f0(1500)	9020221	1	-1	1.5070	0	0	0	0	0.10900	0.26996 (2pi0)

0	f2'(1525)	335	5	-1	1.5250	0	0	0	0	0.07600	0.98735	(K+K-)

0	omega(1650)	30223	3	-1	1.6490	0	0	0	0	0.22000	0.90608 (rho0pi0)

0	omega3(1670)	227	7	-1	1.6670	0	0	0	0	0.16800	0.90608 (rho0pi0)

0	pi2(1670)+	10215	5	-1	1.6700	0	0	1	0	0.25900	0.40953 (pi+pi0pi0)

0	pi2(1670)0	10115	5	-1	1.6700	0	0	0	0	0.25900	0.41412 (pi+pi-pi0)

0	phi(1680)	100333	3	-1	1.6800	0	0	0	0	0.15000 0.98735	(K+K-)

0	rho3(1690)+	217	7	-1	1.6910	0	0	1	0	0.16100 0.27455 (pi+pi0)

0	rho3(1690)0	117	7	-1	1.6910	0	0	0	0	0.16100 0.27914 (pi+pi-)

0	rho(1700)+	30213	3	-1	1.7000	0	0	1	0	0.24000	0.27455 (pi+pi0)

0	rho(1700)0	30113	3	-1	1.7000	0	0	0	0	0.24000 0.27914 (pi+pi-)

0	f0(1710)	10331	1	-1	1.7130	0	0	0	0	0.12500	0.26996 (2pi0)

0	pi(1800)+	200211	1	-1	1.8010	0	0	1	0	0.21000	0.41871 (pi+pi-pi+)

0	pi(1800)0	200111	1	-1	1.8010	0	0	0	0	0.21000	0.41412 (pi+pi-pi0)

0	phi3(1850)	337	7	-1	1.8540	0	0	0	0	0.08700 0.98735	(K+K-)

0	f2(2010)	100335	5	-1	2.0110	0	0	0	0	0.20200 1.9747 (2K+K-)		

0	a4(2040)+	219	9	-1	2.0110	0	0	1	0	0.36000	0.99135 (K+K0-bar)???

0	a4(2040)0	119	9	-1	2.0110	0	0	0	0	0.36000	0.41412 (pi+pi-pi0)

0	f4(2050)	229	9	-1	2.0250	0	0	0	0	0.19400	0.26996 (2pi0)

0	f2(2300)	9060225	5	-1	2.2970	0	0	0	0	0.14900	1.9747 (2K+K-)

0	f2(2340)	9070225	5	-1	2.3390	0	0	0	0	0.31900	1.9747 (2K+K-)

1	K+		321	1	-1	0.49368	1	0	1	1	0.00000	0.0000

0	K0		311	1	-1	0.49767	1	0	0	1	0.00000	0.0000

1	K0L		130	0	-1	0.49767	0	0	0	0	0.00000	0.0000

1	K0S		310	0	-1	0.49767	0	0	0	0	0.00000	0.0000

0	K_(892)+	323	3	-1	0.89166	1	0	1	1	0.05080	0.62866 (K+pi0)

0	K_(892)0	313	3	-1	0.89610	1	0	0	1	0.05070 0.63265 (K0pi0)

0	K1(1270)+	10323	3	-1	1.27300	1	0	1	1	0.09000	0.76364	(K_(892)+pi0)

0	K1(1270)0	10313	3	-1	1.27300	1	0	0	1	0.09000 0.76763 (K_(892)0pi0)

0	K1(1400)+	20323	3	-1	1.40200	1	0	1	1	0.17400	0.76364	(K_(892)+pi0)

0	K1(1400)0	20313	3	-1	1.40200	1	0	0	1	0.17400 0.76763 (K_(892)0pi0)

0	K_(1410)+	100323	3	-1	1.41400	1	0	1	1	0.23200	0.62866 (K+pi0)

0	K_(1410)0	100313	3	-1	1.41400	1	0	0	1	0.23200	0.63265 (K0pi0)

0	K0_(1430)+	10321	1	-1	1.41200	1	0	1	1	0.29400	0.62866 (K+pi0)

0	K0_(1430)0	10311	1	-1	1.41200	1	0	0	1	0.29400	0.63265 (K0pi0)

0	K2_(1430)+	325	5	-1	1.42560	1	0	1	1	0.09850	0.62866 (K+pi0)

0	K2_(1430)0	315	5	-1	1.43240	1	0	0	1	0.10900	0.63265 (K0pi0)

0	K_(1680)+	30323	3	-1	1.71700	1	0	1	1	0.32200	0.62866 (K+pi0)

0	K_(1680)0	30313	3	-1	1.71700	1	0	0	1	0.32200	0.63265 (K0pi0)

0	K2(1770)+	10325	5	-1	1.77300	1	0	1	1	0.18600	0.76364	(K_(892)+pi0)

0	K2(1770)0	10315	5	-1	1.77300	1	0	0	1	0.18600	 0.76763 (K_(892)0pi0)

0	K3_(1780)+	327	7	-1	1.77600	1	0	1	1	0.15900	0.62866 (K+pi0)

0	K3_(1780)0	317	7	-1	1.77600	1	0	0	1	0.15900	0.63265 (K0pi0)

0	K2(1820)+	20325	5	-1	1.81600	1	0	1	1	0.27600	0.76364	(K_(892)+pi0)

0	K2(1820)0	20315	5	-1	1.81600	1	0	0	1	0.27600	0.76763 (K_(892)0pi0)

0	K4_(2045)+	329	9	-1	2.04500	1	0	1	1	0.19800	0.62866 (K+pi0)

0	K4_(2045)0	319	9	-1	2.04500	1	0	0	1	0.19800	0.63265 (K0pi0)

1	p		2212	2	+1	0.93827	0	1	1	0	0.00000	0.00000

1	n		2112	2	+1	0.93956	0	1	0	0	0.00000	0.00000

0	N(1440)+	12212	2	+1	1.44000	0	1	1	0	0.35000	1.07325 (ppi0)

0	N(1440)0	12112	2	+1	1.44000	0	1	0	0	0.35000 1.07454 (npi0)

0	N(1520)+	2124	4	+1	1.52000	0	1	1	0	0.12000 1.07325 (ppi0)

0	N(1520)0	1214	4	+1	1.52000	0	1	0	0	0.12000	1.07454 (npi0)

0	N(1535)+	22212	2	+1	1.53500	0	1	1	0	0.15000	1.07325 (ppi0)

0	N(1535)0	22112	2	+1	1.53500	0	1	0	0	0.15000	1.07454 (npi0)

0	N(1650)+	32212	2	+1	1.65000	0	1	1	0	0.15000	1.07325 (ppi0)	

0	N(1650)0	32112	2	+1	1.65000 0	1	0	0	0.15000	1.07454 (npi0)

0	N(1675)+	2216	6	+1	1.67500	0	1	1	0	0.15000	1.07325 (ppi0)

0	N(1675)0	2116	6	+1	1.67500	0	1	0	0	0.15000	1.07454 (npi0)

0	N(1680)+	12216	6	+1	1.68000	0	1	1	0	0.13000	1.07325 (ppi0)

0	N(1680)0	12116	6	+1	1.68000	0	1	0	0	0.13000	1.07454 (npi0)	

0	N(1700)+	22124	4	+1	1.70000	0	1	1	0	0.10000	1.07325 (ppi0)

0	N(1700)0	21214	4	+1	1.70000	0	1	0	0	0.10000 1.07454 (npi0)

0	N(1710)+	42212	2	+1	1.71000	0	1	1	0	0.10000	1.07325 (ppi0)

0	N(1710)0	42112	2	+1	1.71000	0	1	0	0	0.10000 1.07454 (npi0)

0	N(1720)+	32124	4	+1	1.72000	0	1	1	0	0.15000	1.07325 (ppi0)

0	N(1720)0	31214	4	+1	1.72000	0	1	0	0	0.15000	1.07454 (npi0)

0	N(2190)+	2128	8	+1	2.19000	0	1	1	0	0.45000	1.07325 (ppi0)

0	N(2190)0	1218	8	+1	2.19000	0	1	0	0	0.45000	1.07454 (npi0)

0	N(2220)+	91	10	+1	2.22000 0	1	1	0	0.40000	1.07325 (ppi0)

0	N(2220)0	92	10	+1	2.22000 0	1	0	0	0.40000	1.07454 (npi0)

0	N(2250)+	93	10	+1	2.25000	0	1	1	0	0.40000	1.07325 (ppi0)

0	N(2250)0	94	10	+1	2.25000	0	1	0	0	0.40000	1.07454 (npi0)

0	N(2600)+	95	12	+1	2.60000	0	1	1	0	0.65000	1.07325 (ppi0)

0	N(2600)0	96	12	+1	2.60000	0	1	0	0	0.65000	1.07454 (npi0)

0	Delta(1232)++	2224	4	+1	1.23200	0	1	2	0	0.12000	1.07784 (ppi+)

0	Delta(1232)+	2214	4	+1	1.23200	0	1	1	0	0.12000 1.07325 (ppi0)

0	Delta(1232)0	2114	4	+1	1.23200	0	1	0	0	0.12000 1.07454 (npi0)

0	Delta(1232)-	1114	4	+1	1.23200	0	1	-1	0	0.12000 1.07913 (npi-)

0	Delta(1600)++	32224	4	+1	1.60000	0	1	2	0	0.35000 1.07784 (ppi+)

0	Delta(1600)+	32214	4	+1	1.60000	0	1	1	0	0.35000 1.07325 (ppi0)

0	Delta(1600)0	32114	4	+1	1.60000	0	1	0	0	0.35000 1.07454 (npi0)

0	Delta(1600)-	31114	4	+1	1.60000	0	1	-1	0	0.35000 1.07913 (npi-)

0	Delta(1620)++	2222	2	+1	1.62000	0	1	2	0	0.15000 1.07784 (ppi+)

0	Delta(1620)+	2122	2	+1	1.62000	0	1	1	0	0.15000 1.07325 (ppi0)

0	Delta(1620)0	1212	2	+1	1.62000	0	1	0	0	0.15000 1.07454 (npi0)

0	Delta(1620)-	1112	2	+1	1.62000	0	1	-1	0	0.15000 1.07913 (npi-)

0	Delta(1700)++	12224	4	+1	1.70000	0	1	2	0	0.30000	1.07784 (ppi+)

0	Delta(1700)+	12214	4	+1	1.70000	0	1	1	0	0.30000	1.07325 (ppi0)

0	Delta(1700)0	12114	4	+1	1.70000	0	1	0	0	0.30000	1.07454 (npi0)

0	Delta(1700)-	11114	4	+1	1.70000	0	1	-1	0	0.30000	1.07913 (npi-)

0	Delta(1905)++	2226	6	+1	1.90500	0	1	2	0	0.35000	1.07784 (ppi+)

0	Delta(1905)+	2126	6	+1	1.90500	0	1	1	0	0.35000	1.07325 (ppi0)

0	Delta(1905)0	1216	6	+1	1.90500	0	1	0	0	0.35000	1.07454 (npi0)

0	Delta(1905)-	1116	6	+1	1.90500	0	1	-1	0	0.35000	1.07913 (npi-)

0	Delta(1910)++	22222	2	+1	1.91000	0	1	2	0	0.25000	1.07784 (ppi+)

0	Delta(1910)+	22122	2	+1	1.91000	0	1	1	0	0.25000	1.07325 (ppi0)

0	Delta(1910)0	21212	2	+1	1.91000	0	1	0	0	0.25000	1.07454 (npi0)

0	Delta(1910)-	21112	2	+1	1.91000	0	1	-1	0	0.25000	1.07913 (npi-)

0	Delta(1920)++	22224	4	+1	1.92000	0	1	2	0	0.20000	1.07784 (ppi+)

0	Delta(1920)+	22214	4	+1	1.92000	0	1	1	0	0.20000	1.07325 (ppi0)

0	Delta(1920)0	22114	4	+1	1.92000	0	1	0	0	0.20000	1.07454 (npi0)

0	Delta(1920)-	21114	4	+1	1.92000	0	1	-1	0	0.20000	1.07913 (npi-)

0	Delta(1930)++	12226	6	+1	1.93000	0	1	2	0	0.35000	1.07784 (ppi+)

0	Delta(1930)+	12126	6	+1	1.93000	0	1	1	0	0.35000	1.07325 (ppi0)

0	Delta(1930)0	11216	6	+1	1.93000	0	1	0	0	0.35000	1.07454 (npi0)

0	Delta(1930)-	11116	6	+1	1.93000	0	1	-1	0	0.35000	1.07913 (npi-)

0	Delta(1950)++	2228	8	+1	1.95000	0	1	2	0	0.30000	1.07784 (ppi+)

0	Delta(1950)+	2218	8	+1	1.95000	0	1	1	0	0.30000	1.07325 (ppi0)

0	Delta(1950)0	2118	8	+1	1.95000	0	1	0	0	0.30000	1.07454 (npi0)

0	Delta(1950)-	1118	8	+1	1.95000	0	1	-1	0	0.30000	1.07913 (npi-)

0	Delta(2420)++	97	12	+1	2.42000	0	1	2	0	0.40000	1.07784 (ppi+)

0	Delta(2420)+	98	12	+1	2.42000	0	1	1	0	0.40000	1.07325 (ppi0)

0	Delta(2420)0	99	12	+1	2.42000	0	1	0	0	0.40000	1.07454 (npi0)

0	Delta(2420)-	910	12	+1	2.42000	0	1	-1	0	0.40000	1.07913 (npi-)

1	Lambda		3122	2	+1	1.11568	-1	1	0	1	0.00000	0.00000

0	Lambda(1405)	13122	2	+1	1.40600	-1	1	0	1	0.05000	1.32762 (Sigma0pi0)

0	Lambda(1520)	3124	4	+1	1.51950	-1	1	0	1	0.01560	1.32762 (Sigma0pi0)

0	Lambda(1600)	23122	2	+1	1.60000	-1	1	0	1	0.15000	1.32762 (Sigma0pi0)

0	Lambda(1670)	33122	2	+1	1.67000	-1	1	0	1	0.03500	1.32762 (Sigma0pi0)

0	Lambda(1690)	13124	4	+1	1.69000	-1	1	0	1	0.06000	1.32762 (Sigma0pi0)

0	Lambda(1800)	43122	2	+1	1.80000	-1	1	0	1	0.30000	1.32762 (Sigma0pi0)

0	Lambda(1810)	53122	2	+1	1.81000	-1	1	0	1	0.15000	1.32762 (Sigma0pi0)

0	Lambda(1820)	3126	6	+1	1.82000	-1	1	0	1	0.08000	1.32762 (Sigma0pi0)

0	Lambda(1830)	13126	6	+1	1.83000	-1	1	0	1	0.09500	1.32762 (Sigma0pi0)

0	Lambda(1890)	23124	4	+1	1.89000	-1	1	0	1	0.10000	1.32762 (Sigma0pi0)

0	Lambda(2100)	3128	8	+1	2.10000	-1	1	0	1	0.20000	1.32762 (Sigma0pi0)

0	Lambda(2110)	23126	6	+1	2.11000	-1	1	0	1	0.20000	1.32762 (Sigma0pi0)

0	Lambda(2350)	911	10	+1	2.35000	-1	1	0	1	0.15000	1.32762 (Sigma0pi0)

1	Sigma+		3222	2	+1	1.18937	-1	1	1	1	0.00000	0.00000

0	Sigma0		3212	2	+1	1.19264	-1	1	0	1	0.00000 0.00000

1	Sigma-		3112	2	+1	1.19745	-1	1	-1	1	0.00000	0.00000

0	Sigma(1385)+	3224	4	+1	1.38280	-1	1	1	1	0.03580 1.25525 (Lambdapi+)

0	Sigma(1385)0	3214	4	+1	1.38370	-1	1	0	1	0.03600	1.25066 (Lambdapi0)

0	Sigma(1385)-	3114	4	+1	1.38720	-1	1	-1	1	0.03940 1.25525 (Lambdapi-)

0	Sigma(1660)+	13222	2	+1	1.66000 -1	1	1	1	0.10000	1.25525 (Lambdapi+)

0	Sigma(1660)0	13212	2	+1	1.66000 -1	1	0	1	0.10000	1.25066 (Lambdapi0)

0	Sigma(1660)-	13112	2	+1	1.66000 -1	1	-1	1	0.10000	1.25525 (Lambdapi-)

0	Sigma(1670)+	13224	4	+1	1.67000	-1	1	1	1	0.06000	1.25525 (Lambdapi+)

0	Sigma(1670)0	13214	4	+1	1.67000	-1	1	0	1	0.06000	1.25066 (Lambdapi0)

0	Sigma(1670)-	13114	4	+1	1.67000	-1	1	-1	1	0.06000	1.25525 (Lambdapi-)

0	Sigma(1750)+	23222	2	+1	1.75000	-1	1	1	1	0.09000	1.25525 (Lambdapi+)

0	Sigma(1750)0	23212	2	+1	1.75000	-1	1	0	1	0.09000	1.25066 (Lambdapi0)

0	Sigma(1750)-	23112	2	+1	1.75000	-1	1	-1	1	0.09000	1.25525 (Lambdapi-)

0	Sigma(1775)+	3226	6	+1	1.77500	-1	1	1	1	0.12000	1.25525 (Lambdapi+)

0	Sigma(1775)0	3216	6	+1	1.77500	-1	1	0	1	0.12000	1.25066 (Lambdapi0)

0	Sigma(1775)-	3116	6	+1	1.77500	-1	1	-1	1	0.12000	1.25525 (Lambdapi-)

0	Sigma(1915)+	13226	6	+1	1.91500	-1	1	1	1	0.12000	1.25525 (Lambdapi+)

0	Sigma(1915)0	13216	6	+1	1.91500	-1	1	0	1	0.12000	1.25066 (Lambdapi0)

0	Sigma(1915)-	13116	6	+1	1.91500	-1	1	-1	1	0.12000	1.25525 (Lambdapi-)

0	Sigma(1940)+	23224	4	+1	1.94000	-1	1	1	1	0.22000	1.25525 (Lambdapi+)

0	Sigma(1940)0	23214	4	+1	1.94000	-1	1	0	1	0.22000	1.25066 (Lambdapi0)

0	Sigma(1940)-	23114	4	+1	1.94000	-1	1	-1	1	0.22000	1.25525 (Lambdapi-)

0	Sigma(2030)+	3228	8	+1	2.03000	-1	1	1	1	0.18000	1.25525 (Lambdapi+)

0	Sigma(2030)0	3218	8	+1	2.03000	-1	1	0	1	0.18000	1.25066 (Lambdapi0)

0	Sigma(2030)-	3118	8	+1	2.03000	-1	1	-1	1	0.18000	1.25525 (Lambdapi-)

1	Ksi0		3322	2	+1	1.31483	-2	1	0	2	0.00000	0.00000

1	Ksi-		3312	2	+1	1.32131	-2	1	-1	2	0.00000	0.00000

0	Ksi(1530)0	3324	4	+1	1.53180	-2	1	0	2	0.00910	1.44981 (Ksi0pi0)

0	Ksi(1530)-	3314	4	+1	1.53500	-2	1	-1	2	0.00990	1.45440 (Ksi0pi-)

0	Ksi(1690)0	23324	4	+1	1.69000 -2	1	0	2	0.03000	1.44981 (Ksi0pi0)

0	Ksi(1690)-	23314	4	+1	1.69000	-2	1	-1	2	0.03000	1.45440 (Ksi0pi-)

0	Ksi(1820)0	13324	4	+1	1.82300	-2	1	0	2	0.02400	1.44981 (Ksi0pi0)

0	Ksi(1820)-	13314	4	+1	1.82300	-2	1	-1	2	0.02400	1.45440 (Ksi0pi-)

0	Ksi(1950)0	33324	4	+1	1.95000 -2	1	0	2	0.06000	1.44981 (Ksi0pi0)

0	Ksi(1950)-	33314	4	+1	1.95000	-2	1	-1	2	0.06000	1.45440 (Ksi0pi-)

0	Ksi(2030)0	43324	6	+1	2.02500	-2	1	0	2	0.02000	1.44981 (Ksi0pi0)

0	Ksi(2030)-	43314	6	+1	2.02500	-2	1	-1	2	0.02000	1.45440 (Ksi0pi-)

1	Omega		3334	4	+1	1.67245	-3	1	-1	3	0.00000	0.00000

